22
1.0     2.0     0.0     1.0     2.0     0.0     0.03    5.0     0.1
-0.5    2.0     0.0     2.5     0.5     0.0     0.03    1.0     0.1
-1.0    2.0     0.0     2.0     2.0     0.0     0.03    0.5     0.1
1.0     -2.0    0.0     2.0     1.0     0.0     0.03    2.0     0.1
0.5     0.0     0.0     1.0     0.5     0.0     0.03    0.5     0.1
-1.5    2.0     0.0     2.0     0.0     0.0     0.03    1.5     0.1
0.5     1.5     0.0     2.0     1.0     0.0     0.03    2.0     0.1
0.5     -2.0    0.0     1.0     0.5     0.0     0.03    1.0     0.1
1.0     1.5     0.0     2.0     0.0     0.0     0.03    0.5     0.1
-0.5    0.0     0.0     1.0     0.5     0.0     0.03    0.5     0.1
1.5     2.0     0.0     2.0     0.0     0.0     0.03    1.5     0.1
0.7     0.8     0.0     2.0     1.0     0.0     0.03    2.0     0.1
0.5     -2.8    0.0     1.0     0.5     0.0     0.03    1.0     0.1
0.2     1.8     0.0     2.0     0.0     0.0     0.03    0.5     0.1
3.0     1.5     0.0     2.0     0.0     0.0     0.03    0.5     0.1
-2.5    -2.0    0.0     2.0     0.0     0.0     0.03    1.5     0.1
-1.8    -1.2    0.0     2.0     1.0     0.0     0.03    2.0     0.1
-2.5    -2.8    0.0     1.0     0.5     0.0     0.03    1.0     0.1
-2.2    -1.8    0.0     2.0     0.0     0.0     0.03    0.5     0.1
-3.0    -2.5    0.0     1.0     0.5     0.0     0.03    1.0     0.1
-1.8    -1.8    0.0     2.0     0.0     0.0     0.03    0.5     0.1
-3.0    -1.5    0.0     2.0     0.0     0.0     0.03    0.5     0.1
